n 32
m 4
tmax 5.66

0.00 0.50 0.00

0.09 0.73 0.88
0.12 0.71 0.26
0.20 0.78 0.21
0.00 0.77 0.28
0.22 0.60 0.44
0.13 0.85 0.85
0.21 0.64 0.83
0.19 0.77 0.47
0.04 0.83 0.65
0.19 0.86 0.30
0.06 0.82 0.73
-0.01 0.67 0.66
0.14 0.44 0.53
0.08 0.79 0.30
0.22 0.87 0.57
0.09 0.60 0.48
0.15 0.48 0.66
0.17 0.74 0.72
0.14 0.73 0.70
0.19 0.54 0.54
0.19 0.81 0.24
0.20 0.60 0.74
0.01 0.65 0.46
0.13 0.42 0.81
0.13 0.60 0.71
0.18 0.76 0.56
0.15 0.56 0.26
0.24 0.57 0.45
0.01 0.57 0.24
0.01 0.64 0.47
0.20 0.84 0.98
0.10 0.71 0.50

0.82 0.80 0.24
0.81 0.89 0.32
0.83 0.75 0.35
0.65 0.67 0.94
0.56 0.74 0.55
0.56 0.83 0.28
0.66 0.73 0.76
0.80 0.71 0.92
0.65 0.79 0.40
0.84 0.59 0.61
0.52 0.83 0.83
0.86 0.96 0.98
0.62 0.97 0.67
0.67 0.97 0.45
0.51 0.89 0.91
0.71 0.67 0.89
0.57 0.69 0.29
0.71 0.91 0.28
0.85 0.59 0.50
0.51 0.81 0.45
0.88 0.70 0.69
0.90 0.65 0.67
0.78 0.95 0.89
0.85 0.75 0.61
0.66 0.62 0.32
0.61 0.64 0.87
0.75 0.66 0.85
0.88 0.81 0.26
0.87 0.65 0.95
0.61 0.73 0.35
0.93 0.74 0.40
0.77 0.59 0.75

0.41 0.27 0.44
0.43 -0.03 0.84
0.32 0.04 0.67
0.47 0.14 0.72
0.41 0.29 0.36
0.53 -0.10 0.80
0.43 -0.01 0.83
0.48 0.37 0.49
0.34 0.15 0.65
0.33 0.12 0.25
0.39 0.20 0.64
0.36 0.17 0.52
0.46 0.24 0.46
0.32 0.06 0.99
0.60 0.14 0.55
0.46 0.23 0.60
0.34 0.01 0.27
0.54 -0.07 0.40
0.48 -0.00 0.35
0.48 0.28 0.81
0.56 0.19 0.42
0.35 0.21 0.65
0.35 0.16 0.49
0.41 0.10 0.90
0.31 0.09 0.41
0.39 -0.10 0.21
0.53 0.05 0.87
0.44 0.27 0.71
0.41 -0.11 0.61
0.40 0.02 0.75
0.37 -0.06 0.48
0.57 0.29 0.91

0.92 0.45 0.98
0.88 0.11 0.70
0.99 0.37 0.32
0.93 0.10 0.35
0.79 0.09 0.94
0.98 0.15 0.41
0.70 0.24 0.58
0.89 0.24 0.74
0.93 0.45 0.76
0.93 0.13 0.57
0.97 0.18 0.63
0.77 0.20 0.50
0.97 0.25 0.78
0.99 0.23 0.73
0.97 0.26 0.37
1.07 0.33 0.50
0.72 0.18 0.76
1.08 0.26 0.24
0.77 0.25 0.25
0.93 0.23 0.31
0.98 0.31 0.21
0.76 0.24 0.60
0.93 0.18 0.72
0.78 0.23 0.67
0.92 0.10 0.55
0.98 0.12 0.98
0.99 0.24 0.67
0.86 0.16 0.23
1.00 0.36 0.91
0.96 0.41 0.50
1.00 0.25 0.97
0.88 0.36 0.37

1.00 0.50 0.00