n 96
m 4
tmax 6.80

0.00 0.50 0.00

0.09 0.73 0.88
0.12 0.71 0.26
0.20 0.78 0.21
0.00 0.77 0.28
0.22 0.60 0.44
0.13 0.85 0.85
0.21 0.64 0.83
0.19 0.77 0.47
0.04 0.83 0.65
0.19 0.86 0.30
0.06 0.82 0.73
-0.01 0.67 0.66
0.14 0.44 0.53
0.08 0.79 0.30
0.22 0.87 0.57
0.09 0.60 0.48
0.15 0.48 0.66
0.17 0.74 0.72
0.14 0.73 0.70
0.19 0.54 0.54
0.19 0.81 0.24
0.20 0.60 0.74
0.01 0.65 0.46
0.13 0.42 0.81
0.13 0.60 0.71
0.18 0.76 0.56
0.15 0.56 0.26
0.24 0.57 0.45
0.01 0.57 0.24
0.01 0.64 0.47
0.20 0.84 0.98
0.10 0.71 0.50
0.07 0.55 0.62
-0.05 0.78 0.87
0.19 0.83 0.91
0.20 0.72 0.36
0.12 0.87 0.95
0.22 0.69 0.34
0.05 0.63 0.39
0.11 0.51 0.96
0.07 0.59 0.74
0.10 0.55 0.73
0.05 0.63 0.75
0.16 0.63 0.44
0.07 0.71 0.22
0.11 0.64 0.32
0.10 0.47 0.25
0.21 0.82 0.37
0.19 0.90 0.65
0.20 0.90 0.53
0.10 0.83 0.98
0.10 0.86 0.49
0.00 0.64 0.95
0.13 0.56 0.75
0.20 0.48 0.35
0.07 0.62 0.42
0.08 0.74 0.22
0.12 0.74 0.83
0.00 0.63 0.58
0.09 0.68 1.00
0.08 0.83 0.96
0.13 0.49 0.97
0.06 0.59 0.97
0.05 0.85 0.37
0.23 0.63 0.91
0.17 0.58 0.42
0.10 0.52 0.23
0.09 0.64 0.69
0.22 0.56 0.72
0.11 0.68 0.58
-0.05 0.81 0.32
0.20 0.54 0.35
-0.01 0.71 0.72
0.17 0.41 0.95
0.01 0.60 0.30
0.15 0.69 0.54
0.13 0.51 0.36
0.17 0.88 0.82
0.01 0.83 0.62
0.12 0.54 0.40
-0.03 0.62 0.46
0.06 0.72 0.72
0.22 0.48 0.21
0.23 0.55 0.41
0.12 0.74 0.49
0.16 0.39 0.98
0.21 0.85 0.21
-0.02 0.73 0.61
-0.03 0.81 0.21
0.16 0.37 0.44
0.04 0.69 0.87
0.16 0.45 0.46
0.09 0.62 0.74
0.09 0.85 0.76
0.20 0.38 0.56
0.01 0.80 0.80

0.82 0.80 0.24
0.81 0.89 0.32
0.83 0.75 0.35
0.65 0.67 0.94
0.56 0.74 0.55
0.56 0.83 0.28
0.66 0.73 0.76
0.80 0.71 0.92
0.65 0.79 0.40
0.84 0.59 0.61
0.52 0.83 0.83
0.86 0.96 0.98
0.62 0.97 0.67
0.67 0.97 0.45
0.51 0.89 0.91
0.71 0.67 0.89
0.57 0.69 0.29
0.71 0.91 0.28
0.85 0.59 0.50
0.51 0.81 0.45
0.88 0.70 0.69
0.90 0.65 0.67
0.78 0.95 0.89
0.85 0.75 0.61
0.66 0.62 0.32
0.61 0.64 0.87
0.75 0.66 0.85
0.88 0.81 0.26
0.87 0.65 0.95
0.61 0.73 0.35
0.93 0.74 0.40
0.77 0.59 0.75
0.86 0.99 0.43
0.52 0.95 0.57
0.57 0.63 1.00
0.76 0.71 0.30
0.59 0.74 0.91
0.77 0.90 0.54
0.79 0.80 0.60
0.68 0.53 0.54
0.80 0.87 0.68
0.88 0.65 0.72
0.57 0.83 0.41
0.67 0.82 0.92
0.76 0.73 0.74
0.56 0.87 0.47
0.91 0.76 0.60
0.86 0.61 0.46
0.54 0.92 0.67
0.49 0.80 0.81
0.62 0.56 0.29
0.76 0.58 0.95
0.76 0.74 0.70
0.70 0.79 0.43
0.67 0.82 0.64
0.61 0.65 0.47
0.73 0.63 0.43
0.57 0.61 0.21
0.88 0.86 0.68
0.61 0.64 0.29
0.67 0.95 0.92
0.85 0.95 0.98
0.60 0.81 0.45
0.82 0.97 0.44
0.86 0.86 0.38
0.85 0.65 0.42
0.83 0.82 0.21
0.74 0.91 0.59
0.88 0.67 0.98
0.81 0.82 0.32
0.83 0.70 0.55
0.88 0.96 0.55
0.91 0.81 0.52
0.67 0.89 0.77
0.62 0.69 0.96
0.84 0.77 0.24
0.61 0.71 0.94
0.61 0.89 0.74
0.73 0.88 0.93
0.77 0.58 0.51
0.49 0.87 0.94
0.69 0.65 0.53
0.71 0.81 0.72
0.58 0.74 0.94
0.62 0.68 0.77
0.75 0.97 0.94
0.81 0.65 0.89
0.57 0.82 0.81
0.58 0.58 0.70
0.77 0.90 0.52
0.62 0.74 0.43
0.87 0.80 0.38
0.51 0.95 0.24
0.68 0.98 0.87
0.87 0.90 0.92
0.78 0.82 0.84

0.41 0.27 0.44
0.43 -0.03 0.84
0.32 0.04 0.67
0.47 0.14 0.72
0.41 0.29 0.36
0.53 -0.10 0.80
0.43 -0.01 0.83
0.48 0.37 0.49
0.34 0.15 0.65
0.33 0.12 0.25
0.39 0.20 0.64
0.36 0.17 0.52
0.46 0.24 0.46
0.32 0.06 0.99
0.60 0.14 0.55
0.46 0.23 0.60
0.34 0.01 0.27
0.54 -0.07 0.40
0.48 -0.00 0.35
0.48 0.28 0.81
0.56 0.19 0.42
0.35 0.21 0.65
0.35 0.16 0.49
0.41 0.10 0.90
0.31 0.09 0.41
0.39 -0.10 0.21
0.53 0.05 0.87
0.44 0.27 0.71
0.41 -0.11 0.61
0.40 0.02 0.75
0.37 -0.06 0.48
0.57 0.29 0.91
0.35 0.06 0.46
0.52 0.27 0.94
0.55 0.09 0.57
0.51 0.08 0.99
0.57 0.06 0.96
0.61 0.01 0.94
0.38 0.14 0.51
0.51 0.13 0.26
0.57 0.23 0.81
0.57 -0.03 0.22
0.43 0.16 0.28
0.58 0.01 0.93
0.53 0.23 0.36
0.54 0.02 0.34
0.44 -0.01 0.73
0.41 0.21 0.31
0.59 0.15 0.54
0.42 0.31 0.70
0.47 -0.06 0.40
0.37 0.19 0.62
0.59 0.26 0.34
0.61 0.27 0.78
0.39 0.29 0.45
0.49 0.10 0.90
0.63 0.04 0.42
0.57 -0.10 0.77
0.35 0.09 0.60
0.37 0.29 0.25
0.41 0.02 0.44
0.30 0.16 0.57
0.65 0.09 0.58
0.56 0.01 0.94
0.64 0.21 0.83
0.37 0.11 0.69
0.50 -0.05 0.59
0.40 -0.10 0.31
0.48 -0.12 0.39
0.44 0.34 0.21
0.44 0.02 0.37
0.49 -0.10 0.63
0.45 -0.03 0.32
0.65 0.02 0.66
0.50 0.30 0.98
0.31 0.13 0.30
0.63 -0.06 0.90
0.62 0.25 0.36
0.57 -0.09 0.36
0.66 0.18 0.31
0.64 0.02 0.79
0.54 0.12 0.80
0.48 0.30 0.39
0.53 0.23 0.69
0.29 0.18 0.56
0.44 -0.10 0.36
0.47 0.28 0.42
0.64 0.06 0.28
0.57 0.28 0.95
0.61 0.28 0.29
0.45 0.17 0.59
0.41 0.08 0.93
0.44 0.29 0.74
0.28 0.01 0.45
0.55 0.25 0.96
0.30 0.09 0.30

0.92 0.45 0.98
0.88 0.11 0.70
0.99 0.37 0.32
0.93 0.10 0.35
0.79 0.09 0.94
0.98 0.15 0.41
0.70 0.24 0.58
0.89 0.24 0.74
0.93 0.45 0.76
0.93 0.13 0.57
0.97 0.18 0.63
0.77 0.20 0.50
0.97 0.25 0.78
0.99 0.23 0.73
0.97 0.26 0.37
1.07 0.33 0.50
0.72 0.18 0.76
1.08 0.26 0.24
0.77 0.25 0.25
0.93 0.23 0.31
0.98 0.31 0.21
0.76 0.24 0.60
0.93 0.18 0.72
0.78 0.23 0.67
0.92 0.10 0.55
0.98 0.12 0.98
0.99 0.24 0.67
0.86 0.16 0.23
1.00 0.36 0.91
0.96 0.41 0.50
1.00 0.25 0.97
0.88 0.36 0.37
0.95 0.47 0.87
0.90 0.34 0.51
0.88 0.09 0.35
0.89 0.20 0.69
0.97 0.17 0.32
0.84 0.25 0.31
0.79 0.10 0.63
1.05 0.24 0.88
0.92 0.28 0.30
0.73 0.08 0.67
0.95 0.34 0.82
0.81 0.07 0.81
0.89 0.20 0.36
0.96 0.18 0.25
0.80 0.28 0.56
0.82 0.07 0.37
1.06 0.31 0.78
0.93 0.10 0.83
0.85 0.26 0.62
0.95 0.18 0.92
0.90 0.32 0.94
0.83 0.20 0.91
1.07 0.27 0.92
0.92 0.31 0.29
0.95 0.32 0.78
1.11 0.20 0.94
1.02 0.37 0.23
0.84 0.08 0.37
0.78 0.10 0.84
0.83 0.06 0.73
1.08 0.30 0.49
0.85 0.40 0.57
0.82 0.33 0.29
0.91 0.31 0.34
1.01 0.44 0.69
0.80 0.09 0.25
0.96 0.07 0.51
0.73 0.24 0.94
0.84 0.33 0.30
1.07 0.23 0.27
0.75 0.32 0.86
0.80 0.09 0.44
0.86 0.15 0.22
1.08 0.24 0.66
0.91 0.09 0.37
0.85 0.23 0.65
1.07 0.29 0.42
0.94 0.48 0.34
0.89 0.44 0.78
0.84 0.19 0.72
0.80 0.36 0.69
0.81 0.14 0.65
1.07 0.16 0.69
0.88 0.19 0.65
1.02 0.22 0.66
0.91 0.14 0.58
0.86 0.23 0.60
1.05 0.38 0.75
0.98 0.26 0.91
0.70 0.20 0.89
0.92 0.14 0.75
1.02 0.38 0.68
1.02 0.18 0.27
0.94 0.08 0.93

1.00 0.50 0.00