n 128
m 4
tmax 5.92

0.50 0.50 0.00

0.27 0.97 0.31
0.14 0.76 0.66
0.56 0.85 0.63
0.50 0.75 0.54
0.54 0.96 0.61
0.58 0.90 0.80
0.49 1.05 0.71
0.75 0.97 0.45
0.26 0.79 0.89
0.25 0.89 0.24
0.51 1.00 0.43
0.22 0.88 0.62
0.29 0.90 0.70
0.27 0.87 0.25
0.63 1.02 0.47
0.19 0.75 0.73
0.36 0.90 0.42
0.51 1.00 0.41
0.35 1.03 0.36
0.33 0.92 0.92
0.61 1.00 0.87
0.41 0.91 0.71
0.27 0.77 0.84
0.69 0.90 0.62
0.38 0.76 0.99
0.28 0.98 0.31
0.69 0.92 0.96
0.28 0.88 0.99
0.17 0.80 0.83
0.28 1.00 0.76
0.56 0.79 0.73
0.13 0.73 0.57
0.51 0.80 0.32
0.44 0.83 0.86
0.31 0.77 0.74
0.38 0.95 0.38
0.71 0.88 0.43
0.38 0.80 0.49
0.22 0.81 0.22
0.36 0.80 0.97
0.40 1.01 0.32
0.66 0.87 0.95
0.36 1.01 0.49
0.31 0.97 0.27
0.22 0.92 0.48
0.20 0.83 0.36
0.25 0.90 0.51
0.21 0.81 0.81
0.36 0.80 0.34
0.47 0.86 0.39
0.37 0.80 0.98
0.44 0.82 0.65
0.53 0.90 0.72
0.44 1.05 0.43
0.18 0.79 0.29
0.50 0.77 0.42
0.44 0.92 0.47
0.26 0.77 0.25
0.21 0.74 0.95
0.49 0.75 0.23
0.48 0.92 0.66
0.45 0.77 0.35
0.38 0.73 0.55
0.30 0.84 0.26
0.22 0.86 0.35
0.39 0.77 0.47
0.46 0.79 0.20
0.24 0.96 0.55
0.43 0.94 0.85
0.33 0.94 0.63
0.43 1.05 0.83
0.43 0.92 0.95
0.49 0.83 0.70
0.23 0.81 0.42
0.53 1.04 0.90
0.38 0.85 0.75
0.32 0.77 0.75
0.49 0.77 0.81
0.46 0.96 0.93
0.23 0.78 0.87
0.32 0.81 1.00
0.31 0.78 0.70
0.54 0.82 0.92
0.16 0.82 0.51
0.39 1.01 0.93
0.28 0.99 0.32
0.31 0.80 0.26
0.12 0.76 0.59
0.17 0.83 0.94
0.61 0.92 0.86
0.40 0.94 0.24
0.50 0.75 0.56
0.30 0.92 0.63
0.49 0.93 0.72
0.24 0.72 0.25
0.44 0.90 0.76
0.42 1.00 0.40
0.72 0.88 0.93
0.35 0.72 0.83
0.21 0.87 0.87
0.47 0.85 0.85
0.45 0.90 0.33
0.53 0.90 0.39
0.44 1.05 0.86
0.19 0.75 0.93
0.54 0.78 0.37
0.57 0.99 0.26
0.14 0.79 0.80
0.55 0.79 0.25
0.40 0.72 0.87
0.54 0.79 0.20
0.32 0.84 0.96
0.51 0.78 0.47
0.30 1.00 0.66
0.52 0.80 0.32
0.24 0.81 0.40
0.33 0.90 0.85
0.45 0.79 0.85
0.33 1.01 0.87
0.19 0.87 0.36
0.75 0.91 0.39
0.76 0.96 0.42
0.55 1.03 0.61
0.63 1.00 0.96
0.63 0.96 0.87
0.47 0.93 0.69
0.35 0.82 0.32
0.26 0.79 0.97

-0.01 0.39 0.56
0.04 0.10 0.76
0.17 0.23 0.36
0.01 0.19 0.44
0.31 0.29 0.27
0.16 0.13 0.45
0.20 0.17 0.22
0.09 0.03 0.42
0.20 -0.02 0.99
0.16 0.06 0.98
0.21 -0.10 0.66
0.29 0.36 0.26
0.19 0.07 0.52
0.01 0.29 0.69
0.14 0.06 0.58
-0.05 0.19 0.85
-0.03 0.11 0.94
0.19 0.32 0.46
0.23 -0.04 0.91
0.07 -0.02 0.95
0.01 0.16 0.49
0.16 0.03 0.84
0.04 0.33 0.43
0.07 0.24 0.48
-0.00 0.29 0.76
0.21 0.25 0.93
0.09 0.23 0.92
0.10 0.29 0.62
0.22 -0.05 0.69
0.09 0.22 0.46
0.26 0.11 0.96
0.12 0.19 0.77
0.20 0.24 0.32
0.32 0.02 0.89
0.28 0.36 0.72
0.19 0.08 0.34
0.15 0.20 0.98
0.02 0.26 1.00
0.15 0.28 0.55
0.10 0.38 0.35
0.20 0.24 0.44
0.17 0.11 0.35
0.03 0.08 0.64
0.07 0.08 0.50
0.09 0.12 0.89
0.22 0.10 0.69
0.28 0.20 0.91
0.01 0.13 0.98
0.26 0.27 0.93
0.10 0.27 0.83
-0.09 0.26 0.70
0.21 0.33 0.85
-0.08 0.08 0.28
0.11 0.15 0.86
0.23 -0.01 0.90
0.24 0.17 0.87
0.11 0.37 0.32
0.06 0.12 0.67
-0.01 0.05 0.81
0.11 0.16 0.24
0.17 0.28 0.94
-0.08 0.30 0.65
0.02 0.17 0.49
0.07 0.09 0.84
-0.04 0.39 0.75
0.18 0.14 0.23
0.17 0.07 0.63
0.32 0.13 0.37
-0.08 0.26 0.37
0.20 -0.09 0.59
0.11 -0.09 0.93
0.05 0.01 0.95
0.06 0.31 0.76
0.05 0.02 0.54
-0.13 0.14 0.70
-0.05 0.02 0.46
-0.03 0.25 0.34
0.29 0.26 0.96
0.17 0.23 0.33
0.08 0.39 0.58
0.15 0.25 0.83
0.24 0.00 0.23
-0.10 0.15 0.30
0.22 0.06 0.63
-0.01 0.07 0.86
0.12 0.35 0.71
0.25 0.18 0.57
0.25 0.07 0.47
0.30 0.18 0.63
0.01 0.09 0.69
0.22 0.26 0.40
0.09 0.15 0.37
0.15 -0.03 0.26
0.05 0.35 0.49
0.28 0.20 0.79
0.28 0.20 0.52
0.31 0.19 1.00
0.25 0.33 0.21
-0.03 -0.00 0.25
-0.07 0.29 0.69
0.02 0.36 0.42
0.19 -0.05 0.78
0.28 0.25 0.49
0.16 -0.11 0.45
0.25 -0.01 0.94
0.01 0.29 0.86
0.03 -0.03 0.83
0.22 -0.02 0.28
0.27 0.33 0.51
-0.13 0.08 0.29
0.08 0.20 0.81
0.18 0.13 0.81
-0.02 0.32 0.62
-0.09 0.23 0.83
0.20 -0.10 0.56
0.08 0.14 0.26
0.15 0.04 0.49
0.26 0.30 0.50
0.11 0.01 0.74
0.22 0.35 0.46
0.28 0.04 0.26
0.01 0.32 0.88
0.15 0.08 0.78
0.15 0.39 0.69
0.22 0.04 0.85
-0.14 0.12 0.89
0.10 0.14 0.59
0.16 -0.10 0.63

0.68 0.02 0.30
0.60 0.03 0.71
0.72 -0.01 0.31
0.58 -0.06 0.20
0.63 0.13 0.56
0.77 -0.07 0.67
0.62 -0.03 0.52
0.72 -0.02 0.48
0.66 0.07 0.91
0.49 0.06 0.38
0.54 0.08 0.46
0.62 0.19 0.79
0.35 0.17 0.96
0.50 0.12 0.23
0.50 0.05 0.47
0.71 0.17 0.25
0.78 0.06 0.76
0.59 -0.04 0.52
0.70 -0.01 0.20
0.66 -0.05 0.47
0.68 0.20 0.25
0.74 0.02 0.59
0.69 0.15 0.98
0.42 0.22 0.34
0.55 0.14 0.34
0.57 0.11 0.27
0.73 0.05 0.31
0.49 0.03 0.23
0.60 -0.06 0.74
0.60 0.07 0.51
0.58 0.16 0.88
0.52 -0.07 0.94
0.76 0.01 0.51
0.79 -0.08 0.75
0.78 -0.09 0.55
0.73 -0.12 0.77
0.48 0.14 0.65
0.49 0.02 0.43
0.73 0.15 0.97
0.68 0.20 0.65
0.44 0.27 0.48
0.46 0.27 0.41
0.43 0.26 0.97
0.46 0.07 0.24
0.58 -0.05 1.00
0.53 0.09 0.63
0.66 0.02 0.63
0.60 0.24 0.37
0.57 0.16 0.63
0.54 -0.08 0.54
0.75 -0.10 0.68
0.60 0.14 0.54
0.58 0.02 0.28
0.52 0.08 0.35
0.52 0.21 0.29
0.67 -0.11 0.94
0.74 -0.00 0.86
0.49 0.28 0.28
0.67 0.22 0.82
0.54 0.17 0.75
0.62 -0.02 0.56
0.64 0.08 0.71
0.71 0.02 0.81
0.40 0.06 0.55
0.47 0.21 0.65
0.43 0.24 0.30
0.41 0.10 0.35
0.55 0.25 0.89
0.69 -0.08 0.92
0.56 0.15 0.92
0.76 0.01 0.79
0.56 -0.08 0.38
0.76 -0.13 0.57
0.38 0.21 0.83
0.68 0.15 0.54
0.54 0.04 1.00
0.39 0.23 0.37
0.56 0.24 0.50
0.48 0.18 0.30
0.72 -0.04 0.64
0.48 0.15 0.52
0.77 -0.11 0.57
0.46 0.03 0.79
0.66 0.10 0.26
0.72 0.06 0.92
0.57 -0.05 0.96
0.73 -0.06 0.94
0.63 0.01 0.90
0.37 0.13 0.26
0.60 0.19 0.69
0.73 -0.08 0.27
0.54 0.14 0.65
0.76 -0.04 0.38
0.76 0.01 0.98
0.79 0.02 0.39
0.72 0.16 0.55
0.44 0.08 0.45
0.75 -0.02 0.51
0.74 0.10 0.94
0.57 0.11 0.63
0.43 0.10 0.45
0.48 -0.05 0.67
0.45 0.13 0.26
0.53 0.01 0.61
0.73 0.10 0.20
0.54 -0.04 0.22
0.53 0.17 0.27
0.48 0.17 0.69
0.44 0.10 0.63
0.73 0.06 0.25
0.67 0.21 0.48
0.35 0.15 0.25
0.62 0.15 0.39
0.46 0.24 0.43
0.51 0.17 0.24
0.49 0.23 0.62
0.52 -0.03 0.90
0.56 0.25 0.83
0.57 0.14 0.20
0.63 0.04 0.74
0.38 0.16 0.60
0.67 -0.02 0.58
0.41 0.13 0.89
0.77 0.11 0.32
0.67 0.23 0.27
0.62 0.02 0.27
0.73 0.14 0.75
0.73 -0.05 0.57

0.74 0.44 0.52
0.58 0.49 0.34
0.72 0.28 0.83
0.63 0.41 0.29
0.88 0.46 0.42
0.91 0.60 0.54
0.97 0.49 0.38
0.83 0.63 0.65
0.71 0.45 0.38
0.83 0.67 0.97
0.82 0.58 0.90
0.82 0.66 0.32
0.72 0.46 0.49
0.64 0.58 0.43
0.62 0.59 0.20
0.65 0.33 0.76
0.91 0.61 0.37
0.82 0.32 0.63
0.91 0.57 0.48
0.91 0.18 0.87
0.93 0.50 0.80
0.60 0.43 0.33
0.93 0.33 0.45
0.85 0.63 0.92
0.84 0.67 0.32
0.83 0.53 0.76
0.75 0.28 0.66
0.90 0.30 0.29
0.86 0.26 0.59
0.91 0.27 0.70
0.87 0.63 0.36
0.82 0.18 0.45
0.72 0.55 0.74
0.93 0.31 0.97
0.80 0.47 0.26
0.91 0.32 0.81
0.98 0.23 0.54
0.85 0.42 0.77
0.74 0.25 0.35
0.84 0.66 0.62
0.90 0.22 0.78
0.94 0.22 0.26
0.79 0.53 0.50
0.74 0.72 0.69
0.85 0.65 0.54
0.83 0.40 0.73
0.78 0.56 0.79
0.97 0.18 0.59
0.90 0.56 0.43
0.90 0.39 0.95
0.94 0.38 0.60
0.81 0.68 0.43
0.77 0.72 0.24
0.81 0.65 0.35
0.76 0.53 0.45
0.95 0.57 0.86
0.86 0.34 0.57
0.97 0.30 0.64
0.94 0.22 0.50
0.76 0.51 0.31
0.83 0.41 0.65
0.80 0.64 0.51
0.90 0.32 0.39
0.73 0.66 0.99
0.69 0.51 0.21
0.71 0.30 0.99
0.81 0.54 0.80
0.66 0.30 0.60
0.99 0.40 0.91
0.85 0.67 0.87
0.67 0.33 0.26
0.59 0.58 0.33
0.82 0.46 0.32
0.94 0.35 0.30
0.71 0.32 0.90
0.93 0.28 0.54
0.81 0.65 0.86
0.56 0.48 0.37
0.93 0.35 0.31
0.87 0.25 0.95
0.75 0.63 0.22
0.91 0.48 0.80
0.91 0.18 0.46
0.75 0.27 0.53
0.90 0.33 0.94
0.86 0.47 0.62
0.74 0.25 0.29
0.71 0.43 0.90
0.59 0.58 0.41
0.75 0.38 0.66
0.90 0.17 0.67
0.68 0.54 0.60
0.83 0.33 0.74
0.79 0.71 0.63
0.69 0.54 0.43
0.64 0.39 0.43
0.65 0.49 0.41
0.86 0.30 0.87
0.70 0.64 0.62
0.82 0.33 0.88
0.64 0.37 0.28
0.96 0.42 0.83
0.60 0.58 0.84
0.86 0.27 0.74
0.85 0.61 0.53
0.87 0.56 0.31
0.79 0.65 0.73
0.69 0.37 0.91
0.82 0.36 0.35
0.92 0.28 0.35
0.71 0.69 0.35
0.91 0.46 0.34
0.74 0.40 0.79
0.81 0.66 0.97
0.77 0.48 0.57
0.72 0.25 0.43
0.69 0.44 0.32
0.77 0.41 0.30
0.98 0.48 0.30
0.81 0.35 0.70
0.86 0.54 0.87
0.72 0.38 0.59
0.81 0.50 0.23
0.88 0.28 0.95
0.65 0.60 0.74
0.98 0.29 0.32
0.93 0.57 0.35
0.94 0.45 0.83

0.50 0.50 0.00