n 32
m 4
tmax 7.10

0.50 0.50 0.00

0.27 0.97 0.31
0.14 0.76 0.66
0.56 0.85 0.63
0.50 0.75 0.54
0.54 0.96 0.61
0.58 0.90 0.80
0.49 1.05 0.71
0.75 0.97 0.45
0.26 0.79 0.89
0.25 0.89 0.24
0.51 1.00 0.43
0.22 0.88 0.62
0.29 0.90 0.70
0.27 0.87 0.25
0.63 1.02 0.47
0.19 0.75 0.73
0.36 0.90 0.42
0.51 1.00 0.41
0.35 1.03 0.36
0.33 0.92 0.92
0.61 1.00 0.87
0.41 0.91 0.71
0.27 0.77 0.84
0.69 0.90 0.62
0.38 0.76 0.99
0.28 0.98 0.31
0.69 0.92 0.96
0.28 0.88 0.99
0.17 0.80 0.83
0.28 1.00 0.76
0.56 0.79 0.73
0.13 0.73 0.57

-0.01 0.39 0.56
0.04 0.10 0.76
0.17 0.23 0.36
0.01 0.19 0.44
0.31 0.29 0.27
0.16 0.13 0.45
0.20 0.17 0.22
0.09 0.03 0.42
0.20 -0.02 0.99
0.16 0.06 0.98
0.21 -0.10 0.66
0.29 0.36 0.26
0.19 0.07 0.52
0.01 0.29 0.69
0.14 0.06 0.58
-0.05 0.19 0.85
-0.03 0.11 0.94
0.19 0.32 0.46
0.23 -0.04 0.91
0.07 -0.02 0.95
0.01 0.16 0.49
0.16 0.03 0.84
0.04 0.33 0.43
0.07 0.24 0.48
-0.00 0.29 0.76
0.21 0.25 0.93
0.09 0.23 0.92
0.10 0.29 0.62
0.22 -0.05 0.69
0.09 0.22 0.46
0.26 0.11 0.96
0.12 0.19 0.77

0.68 0.02 0.30
0.60 0.03 0.71
0.72 -0.01 0.31
0.58 -0.06 0.20
0.63 0.13 0.56
0.77 -0.07 0.67
0.62 -0.03 0.52
0.72 -0.02 0.48
0.66 0.07 0.91
0.49 0.06 0.38
0.54 0.08 0.46
0.62 0.19 0.79
0.35 0.17 0.96
0.50 0.12 0.23
0.50 0.05 0.47
0.71 0.17 0.25
0.78 0.06 0.76
0.59 -0.04 0.52
0.70 -0.01 0.20
0.66 -0.05 0.47
0.68 0.20 0.25
0.74 0.02 0.59
0.69 0.15 0.98
0.42 0.22 0.34
0.55 0.14 0.34
0.57 0.11 0.27
0.73 0.05 0.31
0.49 0.03 0.23
0.60 -0.06 0.74
0.60 0.07 0.51
0.58 0.16 0.88
0.52 -0.07 0.94

0.74 0.44 0.52
0.58 0.49 0.34
0.72 0.28 0.83
0.63 0.41 0.29
0.88 0.46 0.42
0.91 0.60 0.54
0.97 0.49 0.38
0.83 0.63 0.65
0.71 0.45 0.38
0.83 0.67 0.97
0.82 0.58 0.90
0.82 0.66 0.32
0.72 0.46 0.49
0.64 0.58 0.43
0.62 0.59 0.20
0.65 0.33 0.76
0.91 0.61 0.37
0.82 0.32 0.63
0.91 0.57 0.48
0.91 0.18 0.87
0.93 0.50 0.80
0.60 0.43 0.33
0.93 0.33 0.45
0.85 0.63 0.92
0.84 0.67 0.32
0.83 0.53 0.76
0.75 0.28 0.66
0.90 0.30 0.29
0.86 0.26 0.59
0.91 0.27 0.70
0.87 0.63 0.36
0.82 0.18 0.45

0.50 0.50 0.00