n 32
m 4
tmax 5.77

0.00 0.33 0.00

0.03 -0.01 0.71
0.20 0.23 0.40
0.28 0.16 0.94
0.18 0.14 0.87
0.13 -0.01 0.55
0.33 0.10 0.98
0.33 0.08 0.56
0.37 0.14 0.70
0.11 0.08 0.52
0.03 -0.00 0.35
0.39 0.14 0.36
0.18 -0.05 0.37
0.20 0.30 0.46
0.33 0.25 0.71
0.21 -0.03 0.68
0.10 -0.03 0.51
0.19 0.14 0.31
0.41 0.24 0.94
0.23 0.37 0.64
0.09 0.22 0.61
0.18 0.23 0.89
0.26 0.16 0.38
0.28 0.05 0.44
0.34 0.28 0.63
0.23 -0.05 0.42
-0.02 0.02 0.77
0.20 0.03 0.72
0.15 0.02 0.76
0.35 0.18 0.54
0.03 0.13 0.26
0.06 0.25 0.82
0.12 0.06 0.31

0.79 0.06 0.89
0.75 -0.16 0.67
0.72 -0.13 0.92
0.57 -0.03 0.83
0.70 -0.12 0.53
0.74 0.05 0.62
0.60 -0.12 0.72
0.61 -0.11 0.82
0.50 -0.07 0.28
0.83 0.03 0.25
0.59 0.06 0.46
0.65 -0.17 0.71
0.85 -0.15 0.93
0.60 0.03 0.32
0.63 -0.14 0.68
0.87 -0.04 0.74
0.78 0.13 0.38
0.64 -0.05 0.33
0.48 -0.05 0.58
0.89 -0.12 0.22
0.86 -0.07 0.74
0.80 -0.09 0.61
0.64 0.21 0.49
0.58 -0.07 0.97
0.53 0.03 0.29
0.88 -0.03 0.42
0.62 0.23 0.93
0.58 0.20 0.79
0.66 0.15 0.92
0.72 0.13 0.27
0.64 -0.13 0.59
0.81 -0.03 0.51

0.85 0.56 0.41
0.77 0.56 0.40
0.70 0.67 0.45
0.88 0.57 0.23
0.69 0.70 0.32
0.72 0.70 0.42
0.76 0.50 0.98
0.82 0.75 0.52
0.78 0.52 0.91
0.69 0.71 0.39
0.75 0.28 0.53
0.81 0.45 0.68
0.73 0.47 0.48
0.83 0.76 0.52
0.86 0.77 0.31
0.71 0.40 0.80
0.83 0.69 0.54
1.00 0.45 0.69
0.85 0.73 0.22
0.86 0.67 0.62
0.81 0.70 0.39
0.87 0.71 0.58
0.63 0.44 0.77
0.65 0.31 0.36
0.77 0.79 0.33
0.69 0.52 0.39
0.82 0.54 0.36
0.70 0.51 0.42
0.69 0.37 0.33
0.86 0.71 0.34
0.73 0.74 0.86
0.63 0.53 0.68

0.31 0.99 0.38
0.28 0.84 0.86
0.37 0.70 0.63
0.36 0.79 0.62
0.46 1.00 0.46
0.28 0.89 0.62
0.45 1.00 0.58
0.60 0.73 0.57
0.55 0.91 0.57
0.42 0.86 0.80
0.58 0.69 0.30
0.50 1.00 0.24
0.52 0.87 0.90
0.55 0.93 0.56
0.49 1.00 0.40
0.22 0.87 0.73
0.58 0.70 0.60
0.40 0.74 0.64
0.41 0.82 0.57
0.46 0.88 0.80
0.45 0.84 0.75
0.36 0.90 0.99
0.58 0.90 0.31
0.45 0.85 0.90
0.49 0.98 0.90
0.42 0.81 0.98
0.64 0.68 0.77
0.60 0.88 0.34
0.36 0.97 0.69
0.44 1.08 0.62
0.50 0.79 0.46
0.60 0.76 0.44

0.00 0.67 0.00