n 96
m 4
tmax 3.46

0.00 0.33 0.00

0.03 -0.01 0.71
0.20 0.23 0.40
0.28 0.16 0.94
0.18 0.14 0.87
0.13 -0.01 0.55
0.33 0.10 0.98
0.33 0.08 0.56
0.37 0.14 0.70
0.11 0.08 0.52
0.03 -0.00 0.35
0.39 0.14 0.36
0.18 -0.05 0.37
0.20 0.30 0.46
0.33 0.25 0.71
0.21 -0.03 0.68
0.10 -0.03 0.51
0.19 0.14 0.31
0.41 0.24 0.94
0.23 0.37 0.64
0.09 0.22 0.61
0.18 0.23 0.89
0.26 0.16 0.38
0.28 0.05 0.44
0.34 0.28 0.63
0.23 -0.05 0.42
-0.02 0.02 0.77
0.20 0.03 0.72
0.15 0.02 0.76
0.35 0.18 0.54
0.03 0.13 0.26
0.06 0.25 0.82
0.12 0.06 0.31
0.27 0.27 0.45
0.10 0.27 0.81
0.22 0.22 0.25
0.00 0.05 0.51
0.13 0.30 0.74
0.10 -0.08 0.29
0.21 0.14 0.63
0.04 0.01 0.78
0.18 0.18 0.96
0.14 0.29 0.70
0.11 -0.04 0.59
0.22 0.20 1.00
0.06 -0.10 0.26
0.23 0.03 0.34
0.27 0.09 0.60
0.27 0.12 0.94
0.31 0.05 0.50
0.34 0.06 0.38
0.01 0.09 0.31
0.15 0.20 0.81
0.09 0.13 0.78
0.27 0.12 0.98
0.25 0.21 0.35
0.41 0.18 0.29
0.07 0.11 0.27
0.11 0.22 0.73
0.08 0.12 0.85
0.03 -0.04 0.95
0.24 -0.04 0.54
0.32 0.04 0.50
0.04 0.09 0.34
0.29 0.15 0.82
0.08 0.18 0.79
0.27 0.15 0.44
-0.03 0.02 0.24
0.21 0.21 0.74
0.07 0.06 0.66
0.20 -0.09 0.44
0.36 0.18 0.34
0.13 0.26 0.85
0.24 0.04 0.27
0.14 -0.11 0.72
0.27 0.02 0.40
0.14 0.03 0.63
0.02 0.11 0.94
0.05 0.06 0.51
-0.02 0.08 0.54
0.25 0.13 0.34
0.28 0.33 0.34
0.13 0.19 0.73
0.36 0.13 0.59
0.16 0.23 0.72
0.28 0.30 0.31
0.07 0.13 0.54
0.20 0.32 0.35
0.01 0.11 0.57
0.12 -0.14 0.80
0.20 -0.03 1.00
0.19 0.03 0.85
0.09 0.09 0.32
-0.02 0.06 0.55
0.33 0.30 0.49
0.34 0.30 0.94
0.15 0.17 0.83

0.79 0.06 0.89
0.75 -0.16 0.67
0.72 -0.13 0.92
0.57 -0.03 0.83
0.70 -0.12 0.53
0.74 0.05 0.62
0.60 -0.12 0.72
0.61 -0.11 0.82
0.50 -0.07 0.28
0.83 0.03 0.25
0.59 0.06 0.46
0.65 -0.17 0.71
0.85 -0.15 0.93
0.60 0.03 0.32
0.63 -0.14 0.68
0.87 -0.04 0.74
0.78 0.13 0.38
0.64 -0.05 0.33
0.48 -0.05 0.58
0.89 -0.12 0.22
0.86 -0.07 0.74
0.80 -0.09 0.61
0.64 0.21 0.49
0.58 -0.07 0.97
0.53 0.03 0.29
0.88 -0.03 0.42
0.62 0.23 0.93
0.58 0.20 0.79
0.66 0.15 0.92
0.72 0.13 0.27
0.64 -0.13 0.59
0.81 -0.03 0.51
0.76 0.15 0.97
0.60 0.12 0.45
0.56 0.14 0.60
0.59 0.23 0.55
0.72 0.18 1.00
0.62 0.21 0.29
0.76 -0.04 0.63
0.60 0.22 0.77
0.52 0.02 0.76
0.59 -0.04 0.77
0.52 0.05 0.54
0.76 -0.01 0.41
0.64 0.10 0.82
0.62 0.14 0.53
0.82 0.00 0.36
0.56 0.23 0.26
0.62 0.14 0.72
0.67 0.13 0.67
0.70 0.12 0.41
0.75 -0.20 0.78
0.71 -0.14 0.22
0.66 -0.09 0.88
0.74 -0.04 0.97
0.70 -0.20 0.71
0.72 0.15 0.30
0.71 0.03 0.63
0.67 0.07 0.80
0.55 -0.03 0.21
0.71 0.07 0.99
0.59 -0.01 0.84
0.55 -0.12 0.63
0.74 0.05 0.90
0.64 -0.03 0.43
0.58 0.19 0.66
0.73 0.09 0.83
0.75 -0.18 0.52
0.81 0.08 0.87
0.57 0.24 0.49
0.60 -0.05 0.56
0.51 0.07 1.00
0.74 0.09 0.94
0.69 -0.18 0.71
0.73 -0.03 0.30
0.86 -0.14 0.92
0.81 -0.02 0.61
0.72 -0.05 0.58
0.68 -0.10 0.38
0.54 0.06 0.59
0.73 -0.02 0.93
0.48 0.00 0.79
0.70 -0.13 0.51
0.70 0.00 0.44
0.61 -0.03 0.59
0.64 -0.16 0.56
0.68 -0.15 0.29
0.60 0.18 0.49
0.48 0.01 0.90
0.68 -0.17 0.46
0.66 0.11 0.94
0.62 0.08 0.53
0.82 -0.05 0.53
0.69 -0.20 0.47
0.50 -0.03 0.61
0.86 -0.09 0.81

0.85 0.56 0.41
0.77 0.56 0.40
0.70 0.67 0.45
0.88 0.57 0.23
0.69 0.70 0.32
0.72 0.70 0.42
0.76 0.50 0.98
0.82 0.75 0.52
0.78 0.52 0.91
0.69 0.71 0.39
0.75 0.28 0.53
0.81 0.45 0.68
0.73 0.47 0.48
0.83 0.76 0.52
0.86 0.77 0.31
0.71 0.40 0.80
0.83 0.69 0.54
1.00 0.45 0.69
0.85 0.73 0.22
0.86 0.67 0.62
0.81 0.70 0.39
0.87 0.71 0.58
0.63 0.44 0.77
0.65 0.31 0.36
0.77 0.79 0.33
0.69 0.52 0.39
0.82 0.54 0.36
0.70 0.51 0.42
0.69 0.37 0.33
0.86 0.71 0.34
0.73 0.74 0.86
0.63 0.53 0.68
0.93 0.76 0.89
0.90 0.47 0.80
0.93 0.57 0.62
0.92 0.72 0.37
0.92 0.56 0.22
0.85 0.39 0.64
0.79 0.30 0.32
0.76 0.75 0.90
0.87 0.37 0.80
0.84 0.68 0.29
0.95 0.66 0.47
0.78 0.32 0.41
0.70 0.67 0.44
0.86 0.54 0.38
0.70 0.61 0.48
0.96 0.71 0.48
0.72 0.71 0.44
0.82 0.63 0.69
0.88 0.35 0.89
0.98 0.57 0.23
0.95 0.57 0.74
0.80 0.67 0.61
0.65 0.37 0.71
0.91 0.75 0.52
0.77 0.82 0.61
0.55 0.48 0.20
0.83 0.41 0.53
0.88 0.37 0.39
0.86 0.48 0.43
0.63 0.35 0.29
0.91 0.35 0.74
0.87 0.30 0.86
0.64 0.55 0.50
0.76 0.38 0.79
0.84 0.43 0.30
0.63 0.48 0.59
0.76 0.62 0.30
0.78 0.77 0.85
0.80 0.61 0.55
0.70 0.52 0.22
0.59 0.40 0.63
0.54 0.36 0.91
0.80 0.81 0.67
0.87 0.79 0.29
0.86 0.75 0.96
0.68 0.70 0.20
0.82 0.54 0.71
1.00 0.65 0.32
0.58 0.44 0.99
0.88 0.49 0.57
0.94 0.65 0.89
0.68 0.36 0.51
0.68 0.36 0.20
0.94 0.53 0.92
0.97 0.60 0.77
0.86 0.72 0.92
0.55 0.47 0.22
0.54 0.46 0.21
0.62 0.36 0.21
0.75 0.79 0.36
0.65 0.41 0.97
0.73 0.33 0.32
0.94 0.43 0.28
0.72 0.55 0.78

0.31 0.99 0.38
0.28 0.84 0.86
0.37 0.70 0.63
0.36 0.79 0.62
0.46 1.00 0.46
0.28 0.89 0.62
0.45 1.00 0.58
0.60 0.73 0.57
0.55 0.91 0.57
0.42 0.86 0.80
0.58 0.69 0.30
0.50 1.00 0.24
0.52 0.87 0.90
0.55 0.93 0.56
0.49 1.00 0.40
0.22 0.87 0.73
0.58 0.70 0.60
0.40 0.74 0.64
0.41 0.82 0.57
0.46 0.88 0.80
0.45 0.84 0.75
0.36 0.90 0.99
0.58 0.90 0.31
0.45 0.85 0.90
0.49 0.98 0.90
0.42 0.81 0.98
0.64 0.68 0.77
0.60 0.88 0.34
0.36 0.97 0.69
0.44 1.08 0.62
0.50 0.79 0.46
0.60 0.76 0.44
0.41 1.05 0.80
0.39 1.06 0.25
0.56 0.83 0.28
0.27 0.79 0.29
0.42 0.78 0.42
0.52 1.02 0.99
0.30 0.94 0.95
0.33 0.76 0.78
0.47 1.02 0.85
0.22 0.76 0.88
0.22 0.83 0.73
0.16 0.82 0.24
0.35 0.79 0.96
0.59 0.78 0.32
0.43 0.95 0.69
0.32 0.85 0.66
0.45 1.02 0.42
0.59 0.75 0.98
0.61 0.77 0.72
0.37 0.91 0.93
0.27 0.95 0.26
0.26 0.88 0.20
0.30 0.80 0.66
0.63 0.67 0.70
0.50 0.69 0.93
0.19 0.80 0.64
0.27 0.79 0.87
0.52 0.75 0.70
0.37 1.07 0.67
0.56 0.97 0.91
0.54 0.85 0.26
0.36 1.07 0.79
0.58 0.77 0.79
0.26 0.96 0.47
0.25 0.86 0.40
0.47 1.10 0.38
0.58 0.90 0.33
0.29 1.02 0.74
0.47 0.97 0.69
0.33 0.74 0.26
0.49 0.65 0.52
0.19 0.87 0.89
0.61 0.88 0.58
0.33 1.05 0.95
0.61 0.74 0.99
0.26 0.79 0.68
0.42 0.90 0.42
0.18 0.79 0.53
0.32 0.90 0.83
0.56 0.75 0.74
0.43 0.75 0.80
0.49 0.99 0.25
0.31 0.80 0.79
0.42 1.16 0.85
0.52 0.94 0.68
0.32 0.90 0.48
0.23 0.92 0.71
0.41 0.97 0.25
0.51 0.80 0.37
0.34 0.91 0.60
0.60 0.79 0.82
0.53 0.64 0.78
0.52 0.78 0.27
0.36 1.02 0.69

0.00 0.67 0.00