n 32
m 4
tmax 2.53

0.00 0.50 0.00

0.22 0.11 0.67
0.03 0.31 0.31
0.07 0.73 0.52
0.06 0.20 0.89
0.10 0.22 0.50
0.20 0.28 0.66
0.20 0.54 0.96
0.16 0.52 0.36
0.19 0.20 0.80
0.22 0.83 0.98
0.04 0.33 0.56
0.19 0.28 0.54
0.11 0.87 0.98
0.08 0.34 0.71
0.05 0.95 0.87
0.11 0.89 0.79
0.12 0.82 0.67
0.19 0.41 0.48
0.07 0.70 0.89
0.04 0.18 0.38
0.15 0.86 0.47
0.15 0.00 0.76
0.05 0.01 0.21
0.20 0.96 0.46
0.09 0.35 0.88
0.08 0.53 0.28
0.12 0.32 0.47
0.08 0.95 0.20
0.13 0.75 0.45
0.19 0.53 0.64
0.04 0.04 0.28
0.18 0.84 0.37

0.34 0.41 0.42
0.44 0.33 0.67
0.29 0.03 0.99
0.42 0.78 0.75
0.46 0.29 0.72
0.28 0.40 0.64
0.46 0.88 0.32
0.35 0.86 0.78
0.42 0.98 0.65
0.36 0.07 0.71
0.47 0.82 0.62
0.40 0.09 0.52
0.37 0.57 0.35
0.33 0.02 0.23
0.38 0.46 0.32
0.34 0.73 1.00
0.32 0.26 0.25
0.47 0.28 0.92
0.43 0.32 0.58
0.36 0.65 0.36
0.30 0.45 0.53
0.30 0.05 0.21
0.35 0.21 0.77
0.42 0.87 0.50
0.31 0.51 0.38
0.47 0.56 0.81
0.46 0.11 0.52
0.33 0.56 0.63
0.28 0.82 0.33
0.44 0.42 0.84
0.39 0.01 0.39
0.38 0.07 0.35

0.64 0.83 0.91
0.53 0.33 0.56
0.60 0.30 0.22
0.58 0.35 0.43
0.56 0.43 0.49
0.54 0.86 0.61
0.67 0.81 0.64
0.65 0.34 0.64
0.60 0.62 0.99
0.64 0.61 0.69
0.61 0.23 0.67
0.56 0.88 0.86
0.67 0.06 0.43
0.65 0.13 0.76
0.67 0.29 0.93
0.57 0.98 0.37
0.67 0.01 0.89
0.71 0.90 0.77
0.61 0.52 0.36
0.63 0.90 0.30
0.66 0.44 0.71
0.54 0.84 0.23
0.59 0.37 0.85
0.62 0.10 0.47
0.65 0.66 0.36
0.56 0.55 0.76
0.62 0.04 0.71
0.72 0.31 0.64
0.65 0.83 0.65
0.66 0.09 0.58
0.71 0.56 0.62
0.56 0.18 0.22

0.84 0.49 0.61
0.85 0.01 0.90
0.95 0.37 0.82
0.83 0.83 0.82
0.82 0.07 0.87
0.83 0.37 0.93
0.91 0.07 0.87
0.85 0.54 0.73
0.91 0.12 0.63
0.90 0.08 0.28
0.85 0.20 0.65
0.79 0.14 0.71
0.85 0.21 0.72
0.87 0.69 0.33
0.90 0.26 0.84
0.79 0.37 0.57
0.93 0.84 0.93
0.94 0.92 0.35
0.85 0.05 0.54
0.81 0.01 0.40
0.84 0.85 0.68
0.85 0.80 0.40
0.88 0.31 0.57
0.95 0.26 0.76
0.90 0.75 0.45
0.88 0.82 0.56
0.92 0.46 0.49
0.96 0.63 0.94
0.88 0.76 0.76
0.91 0.71 0.22
0.88 0.18 0.32
0.97 0.79 0.80

1.00 0.50 0.00