n 64
m 4
tmax 2.53

0.00 0.50 0.00

0.22 0.11 0.67
0.03 0.31 0.31
0.07 0.73 0.52
0.06 0.20 0.89
0.10 0.22 0.50
0.20 0.28 0.66
0.20 0.54 0.96
0.16 0.52 0.36
0.19 0.20 0.80
0.22 0.83 0.98
0.04 0.33 0.56
0.19 0.28 0.54
0.11 0.87 0.98
0.08 0.34 0.71
0.05 0.95 0.87
0.11 0.89 0.79
0.12 0.82 0.67
0.19 0.41 0.48
0.07 0.70 0.89
0.04 0.18 0.38
0.15 0.86 0.47
0.15 0.00 0.76
0.05 0.01 0.21
0.20 0.96 0.46
0.09 0.35 0.88
0.08 0.53 0.28
0.12 0.32 0.47
0.08 0.95 0.20
0.13 0.75 0.45
0.19 0.53 0.64
0.04 0.04 0.28
0.18 0.84 0.37
0.22 0.48 0.70
0.19 0.93 0.32
0.21 0.10 0.62
0.19 0.97 0.55
0.07 0.45 0.41
0.04 0.81 0.46
0.07 0.03 0.28
0.05 0.60 0.41
0.19 0.21 0.37
0.14 0.59 0.39
0.04 0.65 0.75
0.04 0.38 0.64
0.05 0.61 0.27
0.12 0.92 0.92
0.17 0.42 0.88
0.04 0.32 0.25
0.09 0.87 0.95
0.14 0.20 0.47
0.12 0.13 0.34
0.22 0.55 0.63
0.12 0.99 0.87
0.08 0.61 0.60
0.06 0.72 0.84
0.20 0.02 0.65
0.20 0.41 0.93
0.19 0.65 0.29
0.10 0.10 0.56
0.03 0.69 0.57
0.14 0.42 0.32
0.05 0.62 0.88
0.07 0.13 0.87
0.18 0.85 0.65

0.34 0.41 0.42
0.44 0.33 0.67
0.29 0.03 0.99
0.42 0.78 0.75
0.46 0.29 0.72
0.28 0.40 0.64
0.46 0.88 0.32
0.35 0.86 0.78
0.42 0.98 0.65
0.36 0.07 0.71
0.47 0.82 0.62
0.40 0.09 0.52
0.37 0.57 0.35
0.33 0.02 0.23
0.38 0.46 0.32
0.34 0.73 1.00
0.32 0.26 0.25
0.47 0.28 0.92
0.43 0.32 0.58
0.36 0.65 0.36
0.30 0.45 0.53
0.30 0.05 0.21
0.35 0.21 0.77
0.42 0.87 0.50
0.31 0.51 0.38
0.47 0.56 0.81
0.46 0.11 0.52
0.33 0.56 0.63
0.28 0.82 0.33
0.44 0.42 0.84
0.39 0.01 0.39
0.38 0.07 0.35
0.38 0.97 0.95
0.43 0.96 0.62
0.34 0.48 0.41
0.46 0.08 0.30
0.47 0.74 0.89
0.41 0.34 0.55
0.39 0.38 0.93
0.43 0.06 0.41
0.41 0.86 0.61
0.32 0.12 0.37
0.41 0.78 0.56
0.44 0.33 0.43
0.47 0.22 0.72
0.33 0.22 0.62
0.36 0.00 0.60
0.28 0.25 0.87
0.28 0.88 0.27
0.29 0.19 0.73
0.36 0.02 0.52
0.46 0.46 0.88
0.38 0.19 0.98
0.42 0.39 0.54
0.42 0.22 0.46
0.36 0.66 0.75
0.31 0.38 0.29
0.36 0.11 0.90
0.29 0.23 0.96
0.45 0.40 0.27
0.30 0.68 0.22
0.47 0.05 0.36
0.44 0.97 0.96
0.28 0.94 0.21

0.64 0.83 0.91
0.53 0.33 0.56
0.60 0.30 0.22
0.58 0.35 0.43
0.56 0.43 0.49
0.54 0.86 0.61
0.67 0.81 0.64
0.65 0.34 0.64
0.60 0.62 0.99
0.64 0.61 0.69
0.61 0.23 0.67
0.56 0.88 0.86
0.67 0.06 0.43
0.65 0.13 0.76
0.67 0.29 0.93
0.57 0.98 0.37
0.67 0.01 0.89
0.71 0.90 0.77
0.61 0.52 0.36
0.63 0.90 0.30
0.66 0.44 0.71
0.54 0.84 0.23
0.59 0.37 0.85
0.62 0.10 0.47
0.65 0.66 0.36
0.56 0.55 0.76
0.62 0.04 0.71
0.72 0.31 0.64
0.65 0.83 0.65
0.66 0.09 0.58
0.71 0.56 0.62
0.56 0.18 0.22
0.60 0.11 0.52
0.65 0.60 0.37
0.62 0.23 0.42
0.69 0.11 1.00
0.63 0.60 0.44
0.68 0.40 0.30
0.68 0.33 0.82
0.60 0.57 0.62
0.59 0.45 0.49
0.67 0.08 0.43
0.70 0.76 0.48
0.68 0.05 0.74
0.57 0.48 0.67
0.53 0.82 0.95
0.65 0.05 0.50
0.54 0.10 0.31
0.68 0.74 0.56
0.62 0.44 0.38
0.64 0.63 0.76
0.62 0.07 0.67
0.62 0.06 0.83
0.59 0.67 0.56
0.65 0.67 0.81
0.56 0.80 0.26
0.72 0.73 0.47
0.57 0.99 0.32
0.61 0.85 0.24
0.56 0.05 0.93
0.62 0.28 0.81
0.61 0.04 0.48
0.55 0.29 0.85
0.58 0.76 0.32

0.84 0.49 0.61
0.85 0.01 0.90
0.95 0.37 0.82
0.83 0.83 0.82
0.82 0.07 0.87
0.83 0.37 0.93
0.91 0.07 0.87
0.85 0.54 0.73
0.91 0.12 0.63
0.90 0.08 0.28
0.85 0.20 0.65
0.79 0.14 0.71
0.85 0.21 0.72
0.87 0.69 0.33
0.90 0.26 0.84
0.79 0.37 0.57
0.93 0.84 0.93
0.94 0.92 0.35
0.85 0.05 0.54
0.81 0.01 0.40
0.84 0.85 0.68
0.85 0.80 0.40
0.88 0.31 0.57
0.95 0.26 0.76
0.90 0.75 0.45
0.88 0.82 0.56
0.92 0.46 0.49
0.96 0.63 0.94
0.88 0.76 0.76
0.91 0.71 0.22
0.88 0.18 0.32
0.97 0.79 0.80
0.83 0.74 0.40
0.88 0.57 0.97
0.93 0.09 0.41
0.83 0.20 0.77
0.80 0.31 0.30
0.92 0.34 0.85
0.79 0.36 0.62
0.90 0.29 0.71
0.87 0.60 0.40
0.86 0.68 0.49
0.81 1.00 0.96
0.91 0.75 0.97
0.78 0.47 0.40
0.79 0.60 0.99
0.89 0.35 0.64
0.88 0.17 0.93
0.82 0.87 0.43
0.82 0.19 0.47
0.78 0.33 0.95
0.83 0.68 0.69
0.78 0.80 0.25
0.82 0.63 0.23
0.78 0.19 0.50
0.85 0.50 0.66
0.85 0.96 0.20
0.82 0.95 0.83
0.94 0.96 0.51
0.91 0.07 0.75
0.79 0.21 0.55
0.94 0.83 0.82
0.84 0.78 0.44
0.89 0.55 0.48

1.00 0.50 0.00