tmax 5.54
N 128

0.49 0.8 0.81
0.48 0.89 0.45
0.48 0.85 0.99

0.82 0.8 0.24
0.81 0.89 0.32
0.83 0.75 0.35
0.65 0.67 0.94
0.56 0.74 0.55
0.56 0.83 0.28
0.66 0.73 0.76
0.8 0.71 0.92
0.65 0.79 0.4
0.84 0.59 0.61
0.52 0.83 0.83
0.86 0.96 0.98
0.62 0.97 0.67
0.67 0.97 0.45
0.51 0.89 0.91
0.71 0.67 0.89
0.57 0.69 0.29
0.71 0.91 0.28
0.85 0.59 0.5
0.51 0.81 0.45
0.88 0.7 0.69
0.9 0.65 0.67
0.78 0.95 0.89
0.85 0.75 0.61
0.66 0.62 0.32
0.61 0.64 0.87
0.75 0.66 0.85
0.88 0.81 0.26
0.87 0.65 0.95
0.61 0.73 0.35
0.93 0.74 0.4
0.77 0.59 0.75
0.86 0.99 0.43
0.52 0.95 0.57
0.57 0.63 1.0
0.76 0.71 0.3
0.59 0.74 0.91
0.77 0.9 0.54
0.79 0.8 0.6
0.8 0.87 0.68
0.88 0.65 0.72
0.57 0.83 0.41
0.67 0.82 0.92
0.76 0.73 0.74
0.56 0.87 0.47
0.91 0.76 0.6
0.86 0.61 0.46
0.54 0.92 0.67
0.76 0.58 0.95
0.76 0.74 0.7
0.7 0.79 0.43
0.67 0.82 0.64
0.61 0.65 0.47
0.73 0.63 0.43
0.57 0.61 0.21
0.88 0.86 0.68
0.61 0.64 0.29
0.67 0.95 0.92
0.85 0.95 0.98
0.6 0.81 0.45
0.82 0.97 0.44
0.86 0.86 0.38
0.85 0.65 0.42
0.83 0.82 0.21
0.74 0.91 0.59
0.88 0.67 0.98
0.81 0.82 0.32
0.83 0.7 0.55
0.88 0.96 0.55
0.91 0.81 0.52
0.67 0.89 0.77
0.62 0.69 0.96
0.84 0.77 0.24
0.61 0.71 0.94
0.61 0.89 0.74
0.73 0.88 0.93
0.77 0.58 0.51
0.49 0.87 0.94
0.69 0.65 0.53
0.71 0.81 0.72
0.58 0.74 0.94
0.62 0.68 0.77
0.75 0.97 0.94
0.81 0.65 0.89
0.57 0.82 0.81
0.77 0.9 0.52
0.62 0.74 0.43
0.87 0.8 0.38
0.51 0.95 0.24
0.68 0.98 0.87
0.87 0.9 0.92
0.78 0.82 0.84
0.62 0.85 0.34
0.74 0.69 0.93
0.56 0.97 0.49
0.87 0.82 0.58
0.83 0.71 0.86
0.59 0.6 0.23
0.83 0.9 0.91
0.87 0.83 0.62
0.71 0.99 0.57
0.77 0.6 0.74
0.91 0.81 0.45
0.5 0.88 0.91
0.75 0.95 0.28
0.77 0.9 0.82
0.59 0.73 0.46
0.65 0.8 0.29
0.74 0.74 0.77
0.64 0.73 0.46
0.58 0.87 0.32
0.89 0.73 0.26
0.56 0.79 0.87
0.54 0.9 0.87
0.62 0.78 0.27
0.91 0.86 0.79
0.9 0.99 0.66
0.9 0.95 0.97
0.75 0.58 0.9
0.64 0.83 0.76
0.51 0.88 0.61

0.58 0.58 0.81
0.56 0.6 0.45
0.62 0.56 0.99