tmax 2.10
N 32

0.57 0.69 0.29
0.61 0.64 0.87
0.51 0.81 0.45
0.51 0.89 0.91

0.82 0.8 0.24
0.81 0.89 0.32
0.83 0.75 0.35
0.65 0.67 0.94
0.56 0.74 0.55
0.56 0.83 0.28
0.66 0.73 0.76
0.8 0.71 0.92
0.65 0.79 0.4
0.84 0.59 0.61
0.52 0.83 0.83
0.86 0.96 0.98
0.62 0.97 0.67
0.67 0.97 0.45
0.71 0.67 0.89
0.71 0.91 0.28
0.85 0.59 0.5
0.88 0.7 0.69
0.9 0.65 0.67
0.78 0.95 0.89
0.85 0.75 0.61
0.75 0.66 0.85
0.88 0.81 0.26
0.87 0.65 0.95
0.61 0.73 0.35
0.93 0.74 0.4

0.57 0.69 0.29
0.61 0.64 0.87
0.66 0.62 0.45
0.77 0.59 0.91