tmax 5.66
N 64

0.72 0.18 0.76
0.73 0.08 0.67
0.7 0.24 0.58

0.92 0.45 0.98
0.88 0.11 0.7
0.99 0.37 0.32
0.93 0.1 0.35
0.79 0.09 0.94
0.98 0.15 0.41
0.89 0.24 0.74
0.93 0.45 0.76
0.93 0.13 0.57
0.97 0.18 0.63
0.77 0.2 0.5
0.97 0.25 0.78
0.99 0.23 0.73
0.97 0.26 0.37
1.07 0.33 0.5
1.08 0.26 0.24
0.77 0.25 0.25
0.93 0.23 0.31
0.98 0.31 0.21
0.76 0.24 0.6
0.93 0.18 0.72
0.78 0.23 0.67
0.92 0.1 0.55
0.98 0.12 0.98
0.99 0.24 0.67
0.86 0.16 0.23
1.0 0.36 0.91
1.0 0.25 0.97
0.88 0.36 0.37
0.9 0.34 0.51
0.88 0.09 0.35
0.89 0.2 0.69
0.97 0.17 0.32
0.84 0.25 0.31
0.79 0.1 0.63
1.05 0.24 0.88
0.92 0.28 0.3
0.95 0.34 0.82
0.81 0.07 0.81
0.89 0.2 0.36
0.96 0.18 0.25
0.8 0.28 0.56
0.82 0.07 0.37
1.06 0.31 0.78
0.93 0.1 0.83
0.85 0.26 0.62
0.95 0.18 0.92
0.9 0.32 0.94
0.83 0.2 0.91
1.07 0.27 0.92
0.92 0.31 0.29
0.95 0.32 0.78
1.11 0.2 0.94
0.84 0.08 0.37
0.78 0.1 0.84
0.83 0.06 0.73
1.08 0.3 0.49
0.85 0.4 0.57

0.95 0.47 0.76
1.02 0.37 0.67
0.96 0.41 0.58