tmax 5.76
N 64

0.07 0.55 0.62
0.0 0.63 0.58
0.01 0.57 0.24
0.1 0.47 0.25

0.09 0.73 0.88
0.12 0.71 0.26
0.2 0.78 0.21
0.0 0.77 0.28
0.22 0.6 0.44
0.13 0.85 0.85
0.21 0.64 0.83
0.19 0.77 0.47
0.04 0.83 0.65
0.19 0.86 0.3
0.06 0.82 0.73
-0.01 0.67 0.66
0.14 0.44 0.53
0.08 0.79 0.3
0.09 0.6 0.48
0.15 0.48 0.66
0.17 0.74 0.72
0.14 0.73 0.7
0.19 0.54 0.54
0.19 0.81 0.24
0.2 0.6 0.74
0.01 0.65 0.46
0.13 0.42 0.81
0.13 0.6 0.71
0.18 0.76 0.56
0.15 0.56 0.26
0.24 0.57 0.45
0.01 0.64 0.47
0.2 0.84 0.98
0.1 0.71 0.5
-0.05 0.78 0.87
0.19 0.83 0.91
0.2 0.72 0.36
0.12 0.87 0.95
0.05 0.63 0.39
0.11 0.51 0.96
0.07 0.59 0.74
0.1 0.55 0.73
0.05 0.63 0.75
0.16 0.63 0.44
0.07 0.71 0.22
0.11 0.64 0.32
0.19 0.9 0.65
0.1 0.83 0.98
0.1 0.86 0.49
0.0 0.64 0.95
0.13 0.56 0.75
0.2 0.48 0.35
0.07 0.62 0.42
0.08 0.74 0.22
0.12 0.74 0.83
0.09 0.68 1.0
0.08 0.83 0.96
0.13 0.49 0.97
0.06 0.59 0.97
0.05 0.85 0.37

0.2 0.9 0.62
0.22 0.69 0.58
0.22 0.87 0.24
0.21 0.82 0.25