tmax 3.61
N 128

0.72 0.28 0.83
0.66 0.3 0.6
0.72 0.25 0.43
0.74 0.25 0.29
0.82 0.18 0.45

0.74 0.44 0.52
0.63 0.41 0.29
0.88 0.46 0.42
0.91 0.6 0.54
0.97 0.49 0.38
0.83 0.63 0.65
0.71 0.45 0.38
0.83 0.67 0.97
0.82 0.58 0.9
0.82 0.66 0.32
0.72 0.46 0.49
0.64 0.58 0.43
0.62 0.59 0.2
0.65 0.33 0.76
0.91 0.61 0.37
0.82 0.32 0.63
0.91 0.57 0.48
0.91 0.18 0.87
0.93 0.5 0.8
0.93 0.33 0.45
0.85 0.63 0.92
0.84 0.67 0.32
0.83 0.53 0.76
0.75 0.28 0.66
0.9 0.3 0.29
0.86 0.26 0.59
0.91 0.27 0.7
0.87 0.63 0.36
0.72 0.55 0.74
0.93 0.31 0.97
0.8 0.47 0.26
0.91 0.32 0.81
0.98 0.23 0.54
0.85 0.42 0.77
0.74 0.25 0.35
0.84 0.66 0.62
0.9 0.22 0.78
0.94 0.22 0.26
0.79 0.53 0.5
0.74 0.72 0.69
0.85 0.65 0.54
0.83 0.4 0.73
0.78 0.56 0.79
0.97 0.18 0.59
0.9 0.56 0.43
0.9 0.39 0.95
0.94 0.38 0.6
0.81 0.68 0.43
0.77 0.72 0.24
0.81 0.65 0.35
0.76 0.53 0.45
0.95 0.57 0.86
0.86 0.34 0.57
0.97 0.3 0.64
0.94 0.22 0.5
0.76 0.51 0.31
0.83 0.41 0.65
0.8 0.64 0.51
0.9 0.32 0.39
0.73 0.66 0.99
0.69 0.51 0.21
0.71 0.3 0.99
0.81 0.54 0.8
0.99 0.4 0.91
0.85 0.67 0.87
0.67 0.33 0.26
0.82 0.46 0.32
0.94 0.35 0.3
0.71 0.32 0.9
0.93 0.28 0.54
0.81 0.65 0.86
0.93 0.35 0.31
0.87 0.25 0.95
0.75 0.63 0.22
0.91 0.48 0.8
0.91 0.18 0.46
0.75 0.27 0.53
0.9 0.33 0.94
0.86 0.47 0.62
0.71 0.43 0.9
0.59 0.58 0.41
0.75 0.38 0.66
0.9 0.17 0.67
0.68 0.54 0.6
0.83 0.33 0.74
0.79 0.71 0.63
0.69 0.54 0.43
0.64 0.39 0.43
0.65 0.49 0.41
0.86 0.3 0.87
0.7 0.64 0.62
0.82 0.33 0.88
0.64 0.37 0.28
0.96 0.42 0.83
0.6 0.58 0.84
0.86 0.27 0.74
0.85 0.61 0.53
0.87 0.56 0.31
0.79 0.65 0.73
0.69 0.37 0.91
0.82 0.36 0.35
0.92 0.28 0.35
0.71 0.69 0.35
0.91 0.46 0.34
0.74 0.4 0.79
0.81 0.66 0.97
0.77 0.48 0.57
0.69 0.44 0.32
0.77 0.41 0.3
0.98 0.48 0.3
0.81 0.35 0.7
0.86 0.54 0.87
0.72 0.38 0.59
0.81 0.5 0.23
0.88 0.28 0.95
0.65 0.6 0.74
0.98 0.29 0.32
0.93 0.57 0.35
0.94 0.45 0.83

0.58 0.49 0.83
0.6 0.43 0.6
0.56 0.48 0.43
0.59 0.58 0.29