tmax 4.84
N 32

0.5 0.75 0.54
0.19 0.75 0.73
0.27 0.77 0.84
0.38 0.76 0.99
0.56 0.79 0.73

0.27 0.97 0.31
0.56 0.85 0.63
0.54 0.96 0.61
0.58 0.9 0.8
0.49 1.05 0.71
0.75 0.97 0.45
0.26 0.79 0.89
0.25 0.89 0.24
0.51 1.0 0.43
0.22 0.88 0.62
0.29 0.9 0.7
0.27 0.87 0.25
0.63 1.02 0.47
0.36 0.9 0.42
0.51 1.0 0.41
0.35 1.03 0.36
0.33 0.92 0.92
0.61 1.0 0.87
0.41 0.91 0.71
0.69 0.9 0.62
0.28 0.98 0.31
0.69 0.92 0.96
0.28 0.88 0.99
0.17 0.8 0.83
0.28 1.0 0.76

0.14 0.76 0.54
0.5 0.75 0.73
0.19 0.75 0.84
0.27 0.77 0.99
0.38 0.76 0.73