tmax 2.60
N 64

-0.01 0.39 0.56
0.28 0.36 0.72
0.31 0.29 0.27
0.1 0.38 0.35
0.29 0.36 0.26

0.04 0.1 0.76
0.17 0.23 0.36
0.01 0.19 0.44
0.16 0.13 0.45
0.2 0.17 0.22
0.09 0.03 0.42
0.2 -0.02 0.99
0.16 0.06 0.98
0.21 -0.1 0.66
0.19 0.07 0.52
0.01 0.29 0.69
0.14 0.06 0.58
-0.05 0.19 0.85
-0.03 0.11 0.94
0.19 0.32 0.46
0.23 -0.04 0.91
0.07 -0.02 0.95
0.01 0.16 0.49
0.16 0.03 0.84
0.04 0.33 0.43
0.07 0.24 0.48
-0.0 0.29 0.76
0.21 0.25 0.93
0.09 0.23 0.92
0.1 0.29 0.62
0.22 -0.05 0.69
0.09 0.22 0.46
0.12 0.19 0.77
0.2 0.24 0.32
0.19 0.08 0.34
0.15 0.2 0.98
0.02 0.26 1.0
0.15 0.28 0.55
0.2 0.24 0.44
0.17 0.11 0.35
0.03 0.08 0.64
0.07 0.08 0.5
0.09 0.12 0.89
0.22 0.1 0.69
0.01 0.13 0.98
0.26 0.27 0.93
0.1 0.27 0.83
-0.09 0.26 0.7
0.21 0.33 0.85
-0.08 0.08 0.28
0.11 0.15 0.86
0.23 -0.01 0.9
0.24 0.17 0.87
0.11 0.37 0.32
0.06 0.12 0.67
-0.01 0.05 0.81
0.11 0.16 0.24
0.17 0.28 0.94
-0.08 0.3 0.65
0.02 0.17 0.49
0.07 0.09 0.84

0.28 0.2 0.56
0.32 0.02 0.72
0.31 0.29 0.27
0.26 0.11 0.35