tmax 2.53
N 64

0.44 0.27 0.48
0.43 0.26 0.97
0.35 0.17 0.96
0.42 0.22 0.34
0.4 0.06 0.55

0.68 0.02 0.3
0.6 0.03 0.71
0.72 -0.01 0.31
0.58 -0.06 0.2
0.63 0.13 0.56
0.77 -0.07 0.67
0.62 -0.03 0.52
0.72 -0.02 0.48
0.66 0.07 0.91
0.49 0.06 0.38
0.54 0.08 0.46
0.62 0.19 0.79
0.5 0.12 0.23
0.5 0.05 0.47
0.78 0.06 0.76
0.59 -0.04 0.52
0.7 -0.01 0.2
0.66 -0.05 0.47
0.74 0.02 0.59
0.69 0.15 0.98
0.55 0.14 0.34
0.57 0.11 0.27
0.73 0.05 0.31
0.49 0.03 0.23
0.6 -0.06 0.74
0.6 0.07 0.51
0.58 0.16 0.88
0.52 -0.07 0.94
0.76 0.01 0.51
0.79 -0.08 0.75
0.78 -0.09 0.55
0.73 -0.12 0.77
0.48 0.14 0.65
0.49 0.02 0.43
0.68 0.2 0.65
0.46 0.27 0.41
0.46 0.07 0.24
0.58 -0.05 1.0
0.53 0.09 0.63
0.66 0.02 0.63
0.57 0.16 0.63
0.54 -0.08 0.54
0.75 -0.1 0.68
0.6 0.14 0.54
0.58 0.02 0.28
0.52 0.08 0.35
0.52 0.21 0.29
0.67 -0.11 0.94
0.74 -0.0 0.86
0.49 0.28 0.28
0.54 0.17 0.75
0.62 -0.02 0.56
0.64 0.08 0.71
0.71 0.02 0.81

0.73 0.15 0.48
0.71 0.17 0.97
0.6 0.24 0.96
0.68 0.2 0.34
0.67 0.22 0.55