tmax 2.53
N 96

0.5 0.75 0.54
0.49 0.75 0.23
0.38 0.73 0.55
0.56 0.79 0.73

0.27 0.97 0.31
0.14 0.76 0.66
0.56 0.85 0.63
0.54 0.96 0.61
0.58 0.9 0.8
0.49 1.05 0.71
0.75 0.97 0.45
0.26 0.79 0.89
0.25 0.89 0.24
0.51 1.0 0.43
0.22 0.88 0.62
0.29 0.9 0.7
0.27 0.87 0.25
0.63 1.02 0.47
0.19 0.75 0.73
0.36 0.9 0.42
0.51 1.0 0.41
0.35 1.03 0.36
0.33 0.92 0.92
0.61 1.0 0.87
0.41 0.91 0.71
0.27 0.77 0.84
0.69 0.9 0.62
0.38 0.76 0.99
0.28 0.98 0.31
0.69 0.92 0.96
0.28 0.88 0.99
0.17 0.8 0.83
0.28 1.0 0.76
0.51 0.8 0.32
0.44 0.83 0.86
0.31 0.77 0.74
0.38 0.95 0.38
0.71 0.88 0.43
0.38 0.8 0.49
0.22 0.81 0.22
0.36 0.8 0.97
0.4 1.01 0.32
0.66 0.87 0.95
0.36 1.01 0.49
0.31 0.97 0.27
0.22 0.92 0.48
0.2 0.83 0.36
0.25 0.9 0.51
0.21 0.81 0.81
0.36 0.8 0.34
0.47 0.86 0.39
0.37 0.8 0.98
0.44 0.82 0.65
0.53 0.9 0.72
0.44 1.05 0.43
0.18 0.79 0.29
0.5 0.77 0.42
0.44 0.92 0.47
0.26 0.77 0.25
0.21 0.74 0.95
0.48 0.92 0.66
0.45 0.77 0.35
0.3 0.84 0.26
0.22 0.86 0.35
0.39 0.77 0.47
0.46 0.79 0.2
0.24 0.96 0.55
0.43 0.94 0.85
0.33 0.94 0.63
0.43 1.05 0.83
0.43 0.92 0.95
0.49 0.83 0.7
0.23 0.81 0.42
0.53 1.04 0.9
0.38 0.85 0.75
0.32 0.77 0.75
0.49 0.77 0.81
0.46 0.96 0.93
0.23 0.78 0.87
0.32 0.81 1.0
0.31 0.78 0.7
0.54 0.82 0.92
0.16 0.82 0.51
0.39 1.01 0.93
0.28 0.99 0.32
0.31 0.8 0.26
0.17 0.83 0.94
0.61 0.92 0.86
0.4 0.94 0.24
0.5 0.75 0.56
0.3 0.92 0.63
0.49 0.93 0.72
0.44 0.9 0.76

0.24 0.72 0.54
0.12 0.76 0.23
0.38 0.73 0.55
0.13 0.73 0.73