tmax 4.67
N 128

0.1 0.27 0.81
0.13 0.3 0.74
0.06 0.25 0.82
0.04 0.15 0.92

0.03 -0.01 0.71
0.2 0.23 0.4
0.28 0.16 0.94
0.18 0.14 0.87
0.13 -0.01 0.55
0.33 0.1 0.98
0.33 0.08 0.56
0.37 0.14 0.7
0.11 0.08 0.52
0.03 -0.0 0.35
0.18 -0.05 0.37
0.2 0.3 0.46
0.33 0.25 0.71
0.21 -0.03 0.68
0.1 -0.03 0.51
0.19 0.14 0.31
0.23 0.37 0.64
0.09 0.22 0.61
0.18 0.23 0.89
0.26 0.16 0.38
0.28 0.05 0.44
0.34 0.28 0.63
0.23 -0.05 0.42
-0.02 0.02 0.77
0.2 0.03 0.72
0.15 0.02 0.76
0.35 0.18 0.54
0.03 0.13 0.26
0.12 0.06 0.31
0.27 0.27 0.45
0.22 0.22 0.25
0.0 0.05 0.51
0.1 -0.08 0.29
0.21 0.14 0.63
0.04 0.01 0.78
0.18 0.18 0.96
0.14 0.29 0.7
0.11 -0.04 0.59
0.22 0.2 1.0
0.06 -0.1 0.26
0.23 0.03 0.34
0.27 0.09 0.6
0.27 0.12 0.94
0.31 0.05 0.5
0.01 0.09 0.31
0.15 0.2 0.81
0.09 0.13 0.78
0.27 0.12 0.98
0.25 0.21 0.35
0.41 0.18 0.29
0.07 0.11 0.27
0.11 0.22 0.73
0.08 0.12 0.85
0.03 -0.04 0.95
0.24 -0.04 0.54
0.04 0.09 0.34
0.29 0.15 0.82
0.08 0.18 0.79
0.27 0.15 0.44
-0.03 0.02 0.24
0.21 0.21 0.74
0.07 0.06 0.66
0.2 -0.09 0.44
0.36 0.18 0.34
0.13 0.26 0.85
0.24 0.04 0.27
0.14 -0.11 0.72
0.27 0.02 0.4
0.14 0.03 0.63
0.02 0.11 0.94
0.05 0.06 0.51
-0.02 0.08 0.54
0.25 0.13 0.34
0.28 0.33 0.34
0.13 0.19 0.73
0.36 0.13 0.59
0.16 0.23 0.72
0.28 0.3 0.31
0.07 0.13 0.54
0.2 0.32 0.35
0.01 0.11 0.57
0.12 -0.14 0.8
0.2 -0.03 1.0
0.19 0.03 0.85
0.09 0.09 0.32
-0.02 0.06 0.55
0.33 0.3 0.49
0.34 0.3 0.94
0.15 0.17 0.83
0.31 0.14 0.9
0.35 0.19 0.35
0.03 -0.05 0.81
0.15 0.01 0.63
0.25 0.35 0.59
0.34 0.26 0.56
0.33 0.26 0.25
0.13 0.08 0.78
0.18 0.06 0.25
0.15 0.24 0.73
0.09 0.23 0.68
0.28 0.22 0.39
0.18 0.16 0.69
0.21 0.35 0.76
0.17 0.09 0.97
0.12 0.15 0.96
0.14 0.27 0.82
0.3 0.22 0.96
0.13 -0.08 0.48
0.33 0.13 0.65
0.3 0.24 0.36
0.3 0.07 0.54
0.09 0.23 0.84
0.37 0.22 0.59
0.23 0.14 0.4
0.05 0.03 0.2
0.03 -0.01 0.46
0.16 0.25 0.28
0.11 -0.04 0.86

0.39 0.14 0.81
0.41 0.24 0.74
0.34 0.06 0.82
0.43 0.18 0.92