tmax 4.51
N 128

0.54 0.36 0.91
0.75 0.28 0.53
0.64 0.32 0.48
0.65 0.31 0.36

0.85 0.56 0.41
0.77 0.56 0.4
0.7 0.67 0.45
0.88 0.57 0.23
0.69 0.7 0.32
0.72 0.7 0.42
0.76 0.5 0.98
0.82 0.75 0.52
0.78 0.52 0.91
0.81 0.45 0.68
0.73 0.47 0.48
0.83 0.76 0.52
0.86 0.77 0.31
0.71 0.4 0.8
0.83 0.69 0.54
1.0 0.45 0.69
0.85 0.73 0.22
0.86 0.67 0.62
0.81 0.7 0.39
0.87 0.71 0.58
0.63 0.44 0.77
0.77 0.79 0.33
0.69 0.52 0.39
0.82 0.54 0.36
0.7 0.51 0.42
0.69 0.37 0.33
0.86 0.71 0.34
0.73 0.74 0.86
0.63 0.53 0.68
0.93 0.76 0.89
0.9 0.47 0.8
0.93 0.57 0.62
0.92 0.72 0.37
0.92 0.56 0.22
0.85 0.39 0.64
0.79 0.3 0.32
0.76 0.75 0.9
0.87 0.37 0.8
0.84 0.68 0.29
0.95 0.66 0.47
0.78 0.32 0.41
0.86 0.54 0.38
0.7 0.61 0.48
0.96 0.71 0.48
0.72 0.71 0.44
0.82 0.63 0.69
0.88 0.35 0.89
0.98 0.57 0.23
0.95 0.57 0.74
0.8 0.67 0.61
0.65 0.37 0.71
0.91 0.75 0.52
0.77 0.82 0.61
0.55 0.48 0.2
0.83 0.41 0.53
0.88 0.37 0.39
0.86 0.48 0.43
0.63 0.35 0.29
0.91 0.35 0.74
0.87 0.3 0.86
0.64 0.55 0.5
0.76 0.38 0.79
0.84 0.43 0.3
0.63 0.48 0.59
0.76 0.62 0.3
0.78 0.77 0.85
0.8 0.61 0.55
0.7 0.52 0.22
0.59 0.4 0.63
0.8 0.81 0.67
0.87 0.79 0.29
0.86 0.75 0.96
0.82 0.54 0.71
1.0 0.65 0.32
0.58 0.44 0.99
0.88 0.49 0.57
0.94 0.65 0.89
0.68 0.36 0.51
0.68 0.36 0.2
0.94 0.53 0.92
0.97 0.6 0.77
0.86 0.72 0.92
0.55 0.47 0.22
0.54 0.46 0.21
0.62 0.36 0.21
0.75 0.79 0.36
0.65 0.41 0.97
0.73 0.33 0.32
0.94 0.43 0.28
0.72 0.55 0.78
0.9 0.78 0.72
0.67 0.35 0.24
0.87 0.74 0.52
0.79 0.63 0.43
0.88 0.62 0.55
0.78 0.46 0.31
1.0 0.7 0.84
0.83 0.49 0.2
0.66 0.39 0.45
0.62 0.55 0.38
0.79 0.67 0.35
0.76 0.72 0.71
0.76 0.54 0.35
0.97 0.66 0.86
0.82 0.45 0.58
0.85 0.73 0.86
0.77 0.73 0.74
0.73 0.51 0.98
0.65 0.54 0.85
0.84 0.63 0.87
0.64 0.51 0.72
0.98 0.55 0.46
0.68 0.5 0.8
0.89 0.54 0.41
0.84 0.8 0.42
0.78 0.7 0.7
0.83 0.71 0.81
0.54 0.46 0.44
0.65 0.35 0.28
0.82 0.31 0.71

0.67 0.63 0.91
0.69 0.71 0.53
0.7 0.67 0.48
0.68 0.7 0.36