tmax 3.35
N 64

0.79 0.3 0.32
0.75 0.28 0.53
0.65 0.31 0.36
0.63 0.35 0.29
0.87 0.3 0.86

0.85 0.56 0.41
0.77 0.56 0.4
0.7 0.67 0.45
0.88 0.57 0.23
0.72 0.7 0.42
0.76 0.5 0.98
0.82 0.75 0.52
0.78 0.52 0.91
0.81 0.45 0.68
0.73 0.47 0.48
0.83 0.76 0.52
0.86 0.77 0.31
0.71 0.4 0.8
0.83 0.69 0.54
1.0 0.45 0.69
0.85 0.73 0.22
0.86 0.67 0.62
0.81 0.7 0.39
0.87 0.71 0.58
0.63 0.44 0.77
0.77 0.79 0.33
0.69 0.52 0.39
0.82 0.54 0.36
0.7 0.51 0.42
0.69 0.37 0.33
0.86 0.71 0.34
0.93 0.76 0.89
0.9 0.47 0.8
0.93 0.57 0.62
0.92 0.72 0.37
0.92 0.56 0.22
0.85 0.39 0.64
0.76 0.75 0.9
0.87 0.37 0.8
0.84 0.68 0.29
0.95 0.66 0.47
0.78 0.32 0.41
0.86 0.54 0.38
0.96 0.71 0.48
0.72 0.71 0.44
0.82 0.63 0.69
0.88 0.35 0.89
0.98 0.57 0.23
0.95 0.57 0.74
0.8 0.67 0.61
0.65 0.37 0.71
0.91 0.75 0.52
0.77 0.82 0.61
0.55 0.48 0.2
0.83 0.41 0.53
0.88 0.37 0.39
0.86 0.48 0.43
0.91 0.35 0.74

0.69 0.7 0.32
0.69 0.71 0.53
0.7 0.67 0.36
0.7 0.61 0.29
0.73 0.74 0.86