tmax 2.26
N 96

0.61 0.77 0.72
0.64 0.68 0.77
0.61 0.74 0.99
0.63 0.67 0.7

0.31 0.99 0.38
0.28 0.84 0.86
0.37 0.7 0.63
0.36 0.79 0.62
0.46 1.0 0.46
0.28 0.89 0.62
0.45 1.0 0.58
0.6 0.73 0.57
0.55 0.91 0.57
0.42 0.86 0.8
0.58 0.69 0.3
0.5 1.0 0.24
0.52 0.87 0.9
0.55 0.93 0.56
0.49 1.0 0.4
0.22 0.87 0.73
0.58 0.7 0.6
0.4 0.74 0.64
0.41 0.82 0.57
0.46 0.88 0.8
0.45 0.84 0.75
0.36 0.9 0.99
0.58 0.9 0.31
0.45 0.85 0.9
0.49 0.98 0.9
0.42 0.81 0.98
0.6 0.88 0.34
0.36 0.97 0.69
0.44 1.08 0.62
0.5 0.79 0.46
0.6 0.76 0.44
0.41 1.05 0.8
0.39 1.06 0.25
0.56 0.83 0.28
0.27 0.79 0.29
0.42 0.78 0.42
0.52 1.02 0.99
0.3 0.94 0.95
0.33 0.76 0.78
0.47 1.02 0.85
0.22 0.83 0.73
0.35 0.79 0.96
0.59 0.78 0.32
0.43 0.95 0.69
0.32 0.85 0.66
0.45 1.02 0.42
0.59 0.75 0.98
0.37 0.91 0.93
0.27 0.95 0.26
0.26 0.88 0.2
0.3 0.8 0.66
0.5 0.69 0.93
0.19 0.8 0.64
0.27 0.79 0.87
0.52 0.75 0.7
0.37 1.07 0.67
0.56 0.97 0.91
0.54 0.85 0.26
0.36 1.07 0.79
0.58 0.77 0.79
0.26 0.96 0.47
0.25 0.86 0.4
0.47 1.1 0.38
0.58 0.9 0.33
0.29 1.02 0.74
0.47 0.97 0.69
0.33 0.74 0.26
0.49 0.65 0.52
0.61 0.88 0.58
0.33 1.05 0.95
0.26 0.79 0.68
0.42 0.9 0.42
0.32 0.9 0.83
0.56 0.75 0.74
0.43 0.75 0.8
0.49 0.99 0.25
0.31 0.8 0.79
0.42 1.16 0.85
0.52 0.94 0.68
0.32 0.9 0.48
0.23 0.92 0.71
0.41 0.97 0.25
0.51 0.8 0.37
0.34 0.91 0.6
0.6 0.79 0.82
0.53 0.64 0.78
0.52 0.78 0.27
0.36 1.02 0.69

0.19 0.87 0.72
0.22 0.76 0.77
0.16 0.82 0.99
0.18 0.79 0.7