tmax 1.77
N 64

0.28 0.4 0.64
0.28 0.25 0.87
0.28 0.88 0.27
0.3 0.45 0.53
0.28 0.82 0.33
0.28 0.94 0.21

0.34 0.41 0.42
0.44 0.33 0.67
0.29 0.03 0.99
0.42 0.78 0.75
0.35 0.86 0.78
0.42 0.98 0.65
0.36 0.07 0.71
0.4 0.09 0.52
0.37 0.57 0.35
0.33 0.02 0.23
0.38 0.46 0.32
0.34 0.73 1.0
0.32 0.26 0.25
0.43 0.32 0.58
0.36 0.65 0.36
0.3 0.05 0.21
0.35 0.21 0.77
0.42 0.87 0.5
0.31 0.51 0.38
0.47 0.56 0.81
0.33 0.56 0.63
0.44 0.42 0.84
0.39 0.01 0.39
0.38 0.07 0.35
0.38 0.97 0.95
0.43 0.96 0.62
0.34 0.48 0.41
0.47 0.74 0.89
0.41 0.34 0.55
0.39 0.38 0.93
0.43 0.06 0.41
0.41 0.86 0.61
0.32 0.12 0.37
0.41 0.78 0.56
0.44 0.33 0.43
0.47 0.22 0.72
0.33 0.22 0.62
0.36 0.0 0.6
0.29 0.19 0.73
0.36 0.02 0.52
0.46 0.46 0.88
0.38 0.19 0.98
0.42 0.39 0.54
0.42 0.22 0.46
0.36 0.66 0.75
0.31 0.38 0.29
0.36 0.11 0.9
0.29 0.23 0.96
0.45 0.4 0.27
0.3 0.68 0.22
0.47 0.05 0.36
0.44 0.97 0.96

0.46 0.08 0.64
0.46 0.29 0.87
0.46 0.88 0.27
0.47 0.82 0.53
0.47 0.28 0.33
0.46 0.11 0.21