tmax 1.25
N 96

0.04 0.6 0.88
0.07 0.45 0.41
0.04 0.5 0.56

0.22 0.11 0.67
0.03 0.31 0.31
0.07 0.73 0.52
0.06 0.2 0.89
0.1 0.22 0.5
0.2 0.28 0.66
0.2 0.54 0.96
0.16 0.52 0.36
0.19 0.2 0.8
0.04 0.33 0.56
0.19 0.28 0.54
0.11 0.87 0.98
0.08 0.34 0.71
0.05 0.95 0.87
0.11 0.89 0.79
0.12 0.82 0.67
0.19 0.41 0.48
0.07 0.7 0.89
0.04 0.18 0.38
0.15 0.86 0.47
0.15 0.0 0.76
0.05 0.01 0.21
0.09 0.35 0.88
0.08 0.53 0.28
0.12 0.32 0.47
0.08 0.95 0.2
0.13 0.75 0.45
0.19 0.53 0.64
0.04 0.04 0.28
0.18 0.84 0.37
0.19 0.93 0.32
0.21 0.1 0.62
0.19 0.97 0.55
0.04 0.81 0.46
0.07 0.03 0.28
0.05 0.6 0.41
0.19 0.21 0.37
0.14 0.59 0.39
0.04 0.65 0.75
0.04 0.38 0.64
0.05 0.61 0.27
0.12 0.92 0.92
0.17 0.42 0.88
0.04 0.32 0.25
0.09 0.87 0.95
0.14 0.2 0.47
0.12 0.13 0.34
0.22 0.55 0.63
0.12 0.99 0.87
0.08 0.61 0.6
0.06 0.72 0.84
0.2 0.02 0.65
0.19 0.65 0.29
0.1 0.1 0.56
0.03 0.69 0.57
0.14 0.42 0.32
0.05 0.62 0.88
0.07 0.13 0.87
0.18 0.85 0.65
0.03 0.12 0.26
0.13 0.32 0.82
0.08 0.05 0.24
0.09 0.32 0.21
0.08 0.87 0.46
0.16 0.62 0.83
0.08 0.77 0.3
0.08 0.28 0.55
0.18 0.53 0.46
0.15 0.54 0.93
0.12 0.06 0.85
0.07 0.38 0.21
0.19 0.31 0.43
0.11 0.37 0.62
0.11 0.55 0.93
0.13 0.6 0.22
0.07 0.15 0.59
0.12 0.26 0.63
0.21 0.1 0.48
0.12 0.95 0.27
0.17 0.48 0.41
0.15 0.7 0.86
0.03 0.86 0.33
0.14 0.09 0.97
0.1 0.52 0.25
0.15 0.83 0.75
0.16 0.38 0.68

0.22 0.48 0.88
0.21 0.93 0.41
0.22 0.83 0.56