tmax 2.36
N 96

0.79 0.63 0.5
0.8 0.31 0.3
0.79 0.65 0.75
0.81 1.0 0.96
0.79 0.36 0.4
0.79 0.6 0.99
0.79 0.37 0.57
0.78 0.33 0.95
0.78 0.8 0.25
0.78 0.19 0.5
0.82 0.95 0.83
0.79 0.21 0.55

0.84 0.49 0.61
0.85 0.01 0.9
0.83 0.83 0.82
0.82 0.07 0.87
0.83 0.37 0.93
0.91 0.07 0.87
0.85 0.54 0.73
0.91 0.12 0.63
0.9 0.08 0.28
0.85 0.2 0.65
0.79 0.14 0.71
0.85 0.21 0.72
0.87 0.69 0.33
0.9 0.26 0.84
0.93 0.84 0.93
0.94 0.92 0.35
0.85 0.05 0.54
0.81 0.01 0.4
0.84 0.85 0.68
0.85 0.8 0.4
0.88 0.31 0.57
0.95 0.26 0.76
0.9 0.75 0.45
0.88 0.82 0.56
0.88 0.76 0.76
0.91 0.71 0.22
0.88 0.18 0.32
0.97 0.79 0.8
0.83 0.74 0.4
0.88 0.57 0.97
0.93 0.09 0.41
0.83 0.2 0.77
0.92 0.34 0.85
0.79 0.36 0.62
0.9 0.29 0.71
0.87 0.6 0.4
0.86 0.68 0.49
0.91 0.75 0.97
0.78 0.47 0.4
0.89 0.35 0.64
0.88 0.17 0.93
0.82 0.87 0.43
0.82 0.19 0.47
0.83 0.68 0.69
0.82 0.63 0.23
0.85 0.5 0.66
0.85 0.96 0.2
0.94 0.96 0.51
0.91 0.07 0.75
0.94 0.83 0.82
0.84 0.78 0.44
0.91 0.61 0.34
0.96 0.98 0.46
0.83 0.48 0.84
0.84 0.28 0.8
0.88 0.61 0.99
0.91 0.33 0.54
0.81 0.4 0.95
0.83 0.41 0.82
0.94 0.25 0.51
0.84 0.17 0.49
0.92 0.82 0.92
0.88 0.3 0.67
0.82 0.83 0.69
0.85 0.53 0.48
0.82 0.61 0.72
0.94 0.29 0.37
0.92 0.9 0.52
0.83 0.16 0.52
0.84 0.22 0.9
0.91 0.15 0.36
0.9 0.69 0.23
0.96 0.01 0.79
0.97 0.77 0.7
0.93 0.25 0.91
0.83 0.43 0.59
0.97 0.06 0.25
0.89 0.41 0.52

0.95 0.37 0.5
0.96 0.64 0.3
0.92 0.5 0.75
0.92 0.46 0.96
0.96 0.63 0.4
0.89 0.55 0.99